LR_BN_1_TF_34:		66.086	,66.086	,66.086	,66.086	,66.086	,66.086	,66.086	,66.086	,66.086	,66.086	,[5.048709793414476e-29]
IGBB_BN_1_TF_34:		69.697	,69.697	,69.697	,69.697	,69.697	,69.697	,69.697	,69.697	,69.697	,69.697	,[0.0]
SVM_BN_1_TF_34:		67.765	,67.765	,67.765	,67.765	,67.765	,67.765	,67.765	,67.765	,67.765	,67.765	,[5.048709793414476e-29]
KNN_BN_1_TF_34:		63.030	,63.030	,63.030	,63.030	,63.030	,63.030	,63.030	,63.030	,63.030	,63.030	,[5.048709793414476e-29]
DT_BN_1_TF_34:		58.990	,59.091	,58.535	,58.864	,58.775	,58.182	,58.396	,58.699	,59.230	,59.028	,[0.09826962809917276]
