LR_BN_1_TF_34:		50.125	,50.125	,50.125	,50.125	,50.125	,50.125	,50.125	,50.125	,50.125	,50.125	,[0.0]
IGBB_BN_1_TF_34:		60.458	,60.458	,60.458	,60.458	,60.458	,60.458	,60.458	,60.458	,60.458	,60.458	,[5.048709793414476e-29]
SVM_BN_1_TF_34:		58.792	,58.792	,58.792	,58.792	,58.792	,58.792	,58.792	,58.792	,58.792	,58.792	,[5.048709793414476e-29]
KNN_BN_1_TF_34:		58.458	,58.458	,58.458	,58.458	,58.458	,58.458	,58.458	,58.458	,58.458	,58.458	,[5.048709793414476e-29]
DT_BN_1_TF_34:		58.500	,59.250	,58.042	,57.833	,58.750	,59.042	,58.458	,57.958	,58.250	,58.542	,[0.19182291666666634]
