LR_BN_1_TF_34:		68.979	,68.979	,68.979	,68.979	,68.979	,68.979	,68.979	,68.979	,68.979	,68.979	,[1.262177448353619e-29]
IGBB_BN_1_TF_34:		74.147	,74.147	,74.147	,74.147	,74.147	,74.147	,74.147	,74.147	,74.147	,74.147	,[1.262177448353619e-29]
SVM_BN_1_TF_34:		72.391	,72.391	,72.391	,72.391	,72.391	,72.391	,72.391	,72.391	,72.391	,72.391	,[5.048709793414476e-29]
KNN_BN_1_TF_34:		68.524	,68.524	,68.524	,68.524	,68.524	,68.524	,68.524	,68.524	,68.524	,68.524	,[1.262177448353619e-29]
DT_BN_1_TF_34:		65.504	,65.959	,65.845	,66.288	,65.934	,65.871	,66.073	,65.757	,65.618	,65.858	,[0.043843825547174]
