LR_BN_1_TF_34:		72.483	,72.483	,72.483	,72.483	,72.483	,72.483	,72.483	,72.483	,72.483	,72.483	,[0.0]
IGBB_BN_1_TF_34:		72.926	,72.926	,72.926	,72.926	,72.926	,72.926	,72.926	,72.926	,72.926	,72.926	,[1.262177448353619e-29]
SVM_BN_1_TF_34:		74.883	,74.883	,74.883	,74.883	,74.883	,74.883	,74.883	,74.883	,74.883	,74.883	,[0.0]
KNN_BN_1_TF_34:		62.572	,62.572	,62.572	,62.572	,62.572	,62.572	,62.572	,62.572	,62.572	,62.572	,[0.0]
DT_BN_1_TF_34:		68.075	,73.109	,69.066	,72.248	,73.605	,72.640	,72.222	,69.588	,68.440	,68.127	,[4.5235992161940155]
