LR_BN_1_TF_34:		63.438	,63.438	,63.438	,63.438	,63.438	,63.438	,63.438	,63.438	,63.438	,63.438	,[5.048709793414476e-29]
IGBB_BN_1_TF_34:		66.073	,66.073	,66.073	,66.073	,66.073	,66.073	,66.073	,66.073	,66.073	,66.073	,[5.048709793414476e-29]
SVM_BN_1_TF_34:		66.970	,66.970	,66.970	,66.970	,66.970	,66.970	,66.970	,66.970	,66.970	,66.970	,[0.0]
KNN_BN_1_TF_34:		63.346	,63.346	,63.346	,63.346	,63.346	,63.346	,63.346	,63.346	,63.346	,63.346	,[5.048709793414476e-29]
DT_BN_1_TF_34:		59.390	,59.736	,59.333	,59.821	,59.785	,59.870	,59.093	,59.467	,60.103	,59.566	,[0.08162748174169883]
