LR_BN_1_TF_34:		60.391	,60.391	,60.391	,60.391	,60.391	,60.391	,60.391	,60.391	,60.391	,60.391	,[0.0]
IGBB_BN_1_TF_34:		75.443	,75.443	,75.443	,75.443	,75.443	,75.443	,75.443	,75.443	,75.443	,75.443	,[1.262177448353619e-29]
SVM_BN_1_TF_34:		71.875	,71.875	,71.875	,71.875	,71.875	,71.875	,71.875	,71.875	,71.875	,71.875	,[0.0]
KNN_BN_1_TF_34:		68.464	,68.464	,68.464	,68.464	,68.464	,68.464	,68.464	,68.464	,68.464	,68.464	,[0.0]
DT_BN_1_TF_34:		66.432	,66.354	,67.005	,66.745	,66.484	,66.302	,67.135	,66.458	,66.458	,67.057	,[0.08930799696180573]
