LR_BN_1_TF_34:		61.445	,61.445	,61.445	,61.445	,61.445	,61.445	,61.445	,61.445	,61.445	,61.445	,[0.0]
IGBB_BN_1_TF_34:		59.900	,59.900	,59.900	,59.900	,59.900	,59.900	,59.900	,59.900	,59.900	,59.900	,[5.048709793414476e-29]
SVM_BN_1_TF_34:		54.929	,54.929	,54.929	,54.929	,54.929	,54.929	,54.929	,54.929	,54.929	,54.929	,[0.0]
KNN_BN_1_TF_34:		53.801	,53.801	,53.801	,53.801	,53.801	,53.801	,53.801	,53.801	,53.801	,53.801	,[0.0]
DT_BN_1_TF_34:		58.354	,57.602	,58.229	,57.686	,57.853	,59.148	,57.686	,57.352	,57.644	,57.895	,[0.24001803450425102]
